function [alfabeto,fototeca,salidas] = catalogo()

%%%%%%%%%%%%%%%%%%%%%%%%%%%%%%%%%%%%%%%%%%%%%%%%%%%%%%%%%%%%%%% 
% Funcion que genera el juego de caracteres de matriculas,
% sus imagenes, y las salidas correspondientes
%   alfabeto: 'ABC...YZ012..9'
%   fototeca: vectores columna con los 35 pixels de cada caracter
%   salidas : vectores columna con la salida para cada caracter
%%%%%%%%%%%%%%%%%%%%%%%%%%%%%%%%%%%%%%%%%%%%%%%%%%%%%%%%%%%%%%%

letterA =  [0 0 1 0 0 ...
            0 1 0 1 0 ...
            0 1 0 1 0 ...
            1 0 0 0 1 ...
            1 1 1 1 1 ...
            1 0 0 0 1 ...
            1 0 0 0 1 ]';

letterB =  [1 1 1 1 0 ...
            1 0 0 0 1 ...
            1 0 0 0 1 ...
            1 1 1 1 0 ...
            1 0 0 0 1 ...
            1 0 0 0 1 ...
            1 1 1 1 0 ]';

letterC =  [0 1 1 1 0 ...
            1 0 0 0 1 ...
            1 0 0 0 0 ...
            1 0 0 0 0 ...
            1 0 0 0 0 ...
            1 0 0 0 1 ...
            0 1 1 1 0 ]';

letterD  = [1 1 1 1 0 ...
            1 0 0 0 1 ...
            1 0 0 0 1 ...
            1 0 0 0 1 ...
            1 0 0 0 1 ...
            1 0 0 0 1 ...
            1 1 1 1 0 ]';

letterE  = [1 1 1 1 1 ...
            1 0 0 0 0 ...
            1 0 0 0 0 ...
            1 1 1 1 0 ...
            1 0 0 0 0 ...
            1 0 0 0 0 ...
            1 1 1 1 1 ]';

letterF =  [1 1 1 1 1 ...
            1 0 0 0 0 ...
            1 0 0 0 0 ...
            1 1 1 1 0 ...
            1 0 0 0 0 ...
            1 0 0 0 0 ...
            1 0 0 0 0 ]';

letterG =  [0 1 1 1 0 ...
            1 0 0 0 1 ...
            1 0 0 0 0 ...
            1 0 0 0 0 ...
            1 0 0 1 1 ...
            1 0 0 0 1 ...
            0 1 1 1 0 ]';

letterH =  [1 0 0 0 1 ...
            1 0 0 0 1 ...
            1 0 0 0 1 ...
            1 1 1 1 1 ...
            1 0 0 0 1 ...
            1 0 0 0 1 ...
            1 0 0 0 1 ]';

letterI =  [0 1 1 1 0 ...
            0 0 1 0 0 ...
            0 0 1 0 0 ...
            0 0 1 0 0 ...
            0 0 1 0 0 ...
            0 0 1 0 0 ...
            0 1 1 1 0 ]';

letterJ =  [1 1 1 1 1 ...
            0 0 1 0 0 ...
            0 0 1 0 0 ...
            0 0 1 0 0 ...
            0 0 1 0 0 ...
            1 0 1 0 0 ...
            0 1 0 0 0 ]';

letterK =  [1 0 0 0 1 ...
            1 0 0 1 0 ...
            1 0 1 0 0 ...
            1 1 0 0 0 ...
            1 0 1 0 0 ...
            1 0 0 1 0 ...
            1 0 0 0 1 ]';

letterL =  [1 0 0 0 0 ...
            1 0 0 0 0 ...
            1 0 0 0 0 ...
            1 0 0 0 0 ...
            1 0 0 0 0 ...
            1 0 0 0 0 ...
            1 1 1 1 1 ]';

letterM =  [1 0 0 0 1 ...
            1 1 0 1 1 ...
            1 0 1 0 1 ...
            1 0 0 0 1 ...
            1 0 0 0 1 ...
            1 0 0 0 1 ...
            1 0 0 0 1 ]';

letterN =  [1 0 0 0 1 ...
            1 1 0 0 1 ...
            1 1 0 0 1 ...
            1 0 1 0 1 ...
            1 0 0 1 1 ...
            1 0 0 1 1 ...
            1 0 0 0 1 ]';

letterO =  [0 1 1 1 0 ...
            1 0 0 0 1 ...
            1 0 0 0 1 ...
            1 0 0 0 1 ...
            1 0 0 0 1 ...
            1 0 0 0 1 ...
            0 1 1 1 0 ]';

letterP =  [1 1 1 1 0 ...
            1 0 0 0 1 ...
            1 0 0 0 1 ...
            1 1 1 1 0 ...
            1 0 0 0 0 ...
            1 0 0 0 0 ...
            1 0 0 0 0 ]';

letterQ =  [0 1 1 1 0 ...
            1 0 0 0 1 ...
            1 0 0 0 1 ...
            1 0 0 0 1 ...
            1 0 1 0 1 ...
            1 0 0 1 0 ...
            0 1 1 0 1 ]';

letterR =  [1 1 1 1 0 ...
            1 0 0 0 1 ...
            1 0 0 0 1 ...
            1 1 1 1 0 ...
            1 0 1 0 0 ...
            1 0 0 1 0 ...
            1 0 0 0 1 ]';

letterS =  [0 1 1 1 0 ...
            1 0 0 0 1 ...
            0 1 0 0 0 ...
            0 0 1 0 0 ...
            0 0 0 1 0 ...
            1 0 0 0 1 ...
            0 1 1 1 0 ]';

letterT =  [1 1 1 1 1 ...
            0 0 1 0 0 ...
            0 0 1 0 0 ...
            0 0 1 0 0 ...
            0 0 1 0 0 ...
            0 0 1 0 0 ...
            0 0 1 0 0 ]';

letterU =  [1 0 0 0 1 ...
            1 0 0 0 1 ...
            1 0 0 0 1 ...
            1 0 0 0 1 ...
            1 0 0 0 1 ...
            1 0 0 0 1 ...
            0 1 1 1 0 ]';

letterV =  [1 0 0 0 1 ...
            1 0 0 0 1 ...
            1 0 0 0 1 ...
            1 0 0 0 1 ...
            1 0 0 0 1 ...
            0 1 0 1 0 ...
            0 0 1 0 0 ]';

letterW =  [1 0 0 0 1 ...
            1 0 0 0 1 ...
            1 0 0 0 1 ...
            1 0 0 0 1 ...
            1 0 1 0 1 ...
            1 1 0 1 1 ...
            1 0 0 0 1 ]';

letterX =  [1 0 0 0 1 ...
            1 0 0 0 1 ...
            0 1 0 1 0 ...
            0 0 1 0 0 ...
            0 1 0 1 0 ...
            1 0 0 0 1 ...
            1 0 0 0 1 ]';

letterY =  [1 0 0 0 1 ...
            1 0 0 0 1 ...
            0 1 0 1 0 ...
            0 0 1 0 0 ...
            0 0 1 0 0 ...
            0 0 1 0 0 ...
            0 0 1 0 0 ]';

letterZ =  [1 1 1 1 1 ...
            0 0 0 0 1 ...
            0 0 0 1 0 ...
            0 0 1 0 0 ...
            0 1 0 0 0 ...
            1 0 0 0 0 ...
            1 1 1 1 1 ]';

cero    =  [0 0 1 1 0 ...
            0 1 0 0 1 ...
            0 1 0 0 1 ...
            0 1 0 0 1 ...
            0 1 0 0 1 ...
            0 1 0 0 1 ...
            0 0 1 1 0 ]';

uno     =  [0 0 0 0 1 ...
            0 0 0 1 1 ...
            0 0 1 0 1 ...
            0 0 0 0 1 ...
            0 0 0 0 1 ...
            0 0 0 0 1 ...
            0 0 0 0 1 ]';

dos     =  [0 1 1 1 0 ...
            1 0 0 0 1 ...
            0 0 0 1 0 ...
            0 0 1 0 0 ...
            0 1 0 0 0 ...
            1 0 0 0 0 ...
            1 1 1 1 1 ]';

tres    =  [1 1 1 1 0 ...
            0 0 0 0 1 ...
            0 0 0 0 1 ...
            0 1 1 1 1 ...
            0 0 0 0 1 ...
            0 0 0 0 1 ...
            1 1 1 1 0 ]';

cuatro  =  [0 0 0 1 1 ...
            0 0 1 0 1 ...
            0 1 0 0 1 ...
            1 1 1 1 1 ...
            0 0 0 0 1 ...
            0 0 0 0 1 ...
            0 0 0 0 1 ]';

cinco   =  [1 1 1 1 1 ...
            1 0 0 0 0 ...
            1 0 0 0 0 ...
            1 1 1 1 0 ...
            0 0 0 0 1 ...
            0 0 0 0 1 ...
            1 1 1 1 0 ]';

seis    =  [0 1 1 0 0 ...
            1 0 0 0 0 ...
            1 0 0 0 0 ...
            1 1 1 1 0 ...
            1 0 0 0 1 ...
            1 0 0 0 1 ...
            0 1 1 1 0 ]';

siete   =  [1 1 1 1 1 ...
            0 0 0 0 1 ...
            0 0 0 1 0 ...
            0 0 1 0 0 ...
            0 1 0 0 0 ...
            1 0 0 0 0 ...
            1 0 0 0 0 ]';

ocho    =  [0 1 1 1 0 ...
            1 0 0 0 1 ...
            1 0 0 0 1 ...
            0 1 1 1 0 ...
            1 0 0 0 1 ...
            1 0 0 0 1 ...
            0 1 1 1 0 ]';

nueve   =  [0 1 1 1 0 ...
            1 0 0 0 1 ...
            1 0 0 0 1 ...
            0 1 1 1 1 ...
            0 0 0 0 1 ...
            0 0 0 0 1 ...
            0 0 0 0 1 ]';

alfabeto = 'ABCDEFGHIJKLMNOPQRSTUVWXYZ0123456789' ;
fototeca = [letterA,letterB,letterC,letterD,letterE,letterF,letterG,letterH,...
            letterI,letterJ,letterK,letterL,letterM,letterN,letterO,letterP,...
            letterQ,letterR,letterS,letterT,letterU,letterV,letterW,letterX,...
            letterY,letterZ, ...
            cero,uno,dos,tres,cuatro,cinco,...
            seis,siete,ocho,nueve];

salidas = eye(36);
